DNA_code	Lon_X	Lat_Y	Propositus_Assigned_Bishopric	Longitude_F	Latitude_F	Longitude_M	Latitude_M	Longitude_GF_F	Latitude_GF_F	Longitude_GM_F	Latitude_GM_F	Longitude_GF_M	Latitude_GF_M	Longitude_GM_M	Latitude_GM_M
H1	1.807901	42.131904	Solsona	1.844025	42.103289	1.844025	42.103289	1.844025	42.103289	1.844025	42.103289	1.771777	42.160519	1.771777	42.160519
H100	1.765872	42.041683	Solsona	1.842593	42.013714	1.825308	42.07741	1.7354	42.01778	1.7354	42.01778	1.76738	42.05376	1.825308	42.07741
H101	1.844025	42.103289	Solsona	1.844025	42.103289	1.844025	42.103289	1.844025	42.103289	1.844025	42.103289	1.844025	42.103289	1.844025	42.103289
H102	1.932979	42.082087	Solsona	1.993754	42.13541	1.977026	42.003767	1.993754	42.13541	1.993754	42.13541	1.76738	42.05376	1.977026	42.003767
H103	1.864297	42.162698	Solsona	1.777015	42.233748	1.883623	42.034214	1.736093	42.229318	1.777015	42.233748	1.982413	42.137068	1.961669	42.05066
H104	1.882196	42.103553	Solsona	1.825308	42.07741	1.844025	42.103289	1.825308	42.07741	2.034142	42.156102	1.844025	42.103289	1.825308	42.07741
H106	1.825682	42.10585	Solsona	1.7354	42.01778	1.776592	41.94622	1.825682	42.10585	1.825682	42.10585	1.825682	42.10585	1.825682	42.10585
H107	1.997691	42.14624	Solsona	1.993754	42.13541	1.928727	42.137344	1.993754	42.13541	2.034142	42.156102	1.928727	42.137344	2.034142	42.156102
H111	1.901261	42.047699	Solsona	1.977026	42.003767	1.977026	42.003767	1.825308	42.07741	1.825682	42.10585	1.977026	42.003767	1.977026	42.003767
H121	1.758664	42.008776	Solsona	1.844025	42.103289	1.844025	42.103289	1.844025	42.103289	1.844025	42.103289	1.835147	42.094524	1.51146	41.734003
H123	1.535513	42.126375	Solsona	1.227	42.149461	1.844025	42.103289	1.227	42.149461	1.227	42.149461	1.844025	42.103289	1.844025	42.103289
H126	1.833673	42.107942	Solsona	1.844025	42.103289	1.849575	42.101106	1.865867	42.073024	1.825308	42.07741	1.825308	42.07741	1.818207	42.203923
H128	1.781839	42.24195	Solsona	1.777015	42.233748	1.786663	42.250152	1.777015	42.233748	1.777015	42.233748	1.786663	42.250152	1.786663	42.250152
H129	1.871052	41.998817	Solsona	1.879157	41.974126	1.8833	42.0333	1.879157	41.974126	1.879157	41.974126	1.842593	42.013714	1.8833	42.0333
H13	1.825682	42.10585	Solsona	1.863364	42.25188	2.209401	42.109466	1.825682	42.10585	1.825682	42.10585	1.825682	42.10585	1.825682	42.10585
H130	1.825682	42.10585	Solsona	1.825682	42.10585	1.825682	42.10585	1.825682	42.10585	1.825682	42.10585	1.825682	42.10585	1.825682	42.10585
H132	1.722596	42.065661	Solsona	1.76738	42.05376	1.640491	41.99071	1.76738	42.05376	1.76738	42.05376	1.59037	42.136525	1.765254	42.0186
H133	1.857471	42.012348	Solsona	1.883623	42.034214	1.883623	42.034214	1.883623	42.034214	1.883623	42.034214	1.779014	41.94675	1.883623	42.034214
H134	1.928727	42.137344	Solsona	1.928727	42.137344	1.928727	42.137344	1.928727	42.137344	1.928727	42.137344	1.928727	42.137344	1.928727	42.137344
H135	1.844025	42.103289	Solsona	1.844025	42.103289	1.844025	42.103289	1.844025	42.103289	1.844025	42.103289	1.844025	42.103289	1.844025	42.103289
H137	1.834666	42.090349	Solsona	1.844025	42.103289	1.825308	42.07741	1.844025	42.103289	1.844025	42.103289	1.825308	42.07741	1.825308	42.07741
H139	1.749068	42.013148	Solsona	1.7354	42.01778	1.681446	41.913743	1.7354	42.01778	1.844025	42.103289	1.681446	41.913743	1.7354	42.01778
H140	1.795281	42.048005	Solsona	1.825308	42.07741	1.765254	42.0186	1.825308	42.07741	1.825308	42.07741	1.765254	42.0186	1.765254	42.0186
H143	1.810294	42.062708	Solsona	1.825308	42.07741	1.825308	42.07741	1.825308	42.07741	1.825308	42.07741	1.825308	42.07741	1.765254	42.0186
H145	1.867395	42.157605	Solsona	1.945347	42.173424	1.86811	42.16842	1.86525	42.125162	1.86811	42.16842	1.86811	42.16842	1.86811	42.16842
H146	1.816804	42.075741	Solsona	1.842593	42.013714	1.338738	42.202381	1.842593	42.013714	1.842593	42.013714	1.771666	42.160386	1.810363	42.115148
H147	1.867446	42.01718	Solsona	1.844025	42.103289	1.883623	42.034214	-4.779152	37.88473	1.844025	42.103289	1.879157	41.974126	1.879157	41.974126
H148	1.827502	42.116259	Solsona	1.879157	41.974126	1.802585	42.19253	1.879157	41.974126	1.825682	42.10585	1.802585	42.19253	1.802585	42.19253
H152	1.834854	42.10457	Solsona	1.844025	42.103289	1.844025	42.103289	1.825682	42.10585	1.825682	42.10585	1.844025	42.103289	1.844025	42.103289
H158	1.852448	42.15518	Solsona	1.945347	42.173424	1.928727	42.137344	1.945347	42.173424	1.945347	42.173424	1.59037	42.136525	1.928727	42.137344
H159	1.851303	42.106193	Solsona	1.844025	42.103289	1.883623	42.034214	ND	ND	1.786663	42.250152	1.883623	42.034214	1.883623	42.034214
H162	1.825682	42.10585	Solsona	1.825682	42.10585	1.825682	42.10585	1.825682	42.10585	1.825682	42.10585	1.825682	42.10585	1.825682	42.10585
H163	1.825682	42.10585	Solsona	1.825682	42.10585	1.825682	42.10585	1.825682	42.10585	1.825682	42.10585	1.825682	42.10585	1.825682	42.10585
H167	1.825682	42.10585	Solsona	1.825682	42.10585	1.825682	42.10585	1.825682	42.10585	1.825682	42.10585	1.825682	42.10585	1.825682	42.10585
H168	1.822175	42.123485	Solsona	1.859404	42.146664	1.844025	42.103289	1.859404	42.146664	1.763096	42.120502	2.176349	41.384247	1.844025	42.103289
H171	1.818734	41.97007	Solsona	1.879157	41.974126	1.842593	42.013714	1.879157	41.974126	1.776592	41.94622	1.842593	42.013714	1.776592	41.94622
H173	1.83757	42.128447	Solsona	1.844025	42.103289	1.844025	42.103289	1.844025	42.103289	1.844025	42.103289	1.818207	42.203923	1.844025	42.103289
H175	1.90953	42.02275	Solsona	1.842593	42.013714	1.883623	42.034214	1.842593	42.013714	2.02828	42.008858	1.883623	42.034214	1.883623	42.034214
H176	1.873966	42.182977	Solsona	1.802585	42.19253	1.802585	42.19253	1.945347	42.173424	1.945347	42.173424	1.802585	42.19253	1.802585	42.19253
H178	1.660438	42.236669	Urgell	1.660438	42.236669	1.660438	42.236669	1.660438	42.236669	1.660438	42.236669	1.660438	42.236669	1.660438	42.236669
H179	1.701851	41.992732	Solsona	1.7354	42.01778	1.668302	41.967684	1.7354	42.01778	1.7354	42.01778	1.668302	41.967684	1.668302	41.967684
H180	1.850741	42.174146	Solsona	1.859404	42.146664	1.003272	42.182747	1.836583	42.180991	1.859404	42.146664	1.853489	42.184465	1.853489	42.184465
H181	1.845588	42.075217	Solsona	1.865867	42.073024	1.865867	42.073024	1.825308	42.07741	1.825308	42.07741	1.865867	42.073024	1.865867	42.073024
H185	1.918022	42.129828	Solsona	1.825682	42.10585	1.825682	42.10585	1.825682	42.10585	1.825682	42.10585	2.195042	42.201759	1.825682	42.10585
H186	1.804306	42.013105	Solsona	1.842593	42.013714	1.765254	42.0186	1.842593	42.013714	1.842593	42.013714	1.779014	41.94675	1.753024	42.078243
H27	1.931376	42.233816	Solsona	1.863364	42.25188	2.024025	42.187196	1.863364	42.25188	1.863364	42.25188	1.974749	42.244308	2.024025	42.187196
H28	1.901308	42.22221	Solsona	1.901308	42.22221	1.901308	42.22221	1.901308	42.22221	1.901308	42.22221	1.901308	42.22221	1.901308	42.22221
H29	1.844025	42.103289	Solsona	1.844025	42.103289	1.844025	42.103289	1.844025	42.103289	1.844025	42.103289	1.844025	42.103289	1.844025	42.103289
H30	1.89121	42.249987	Solsona	1.863364	42.25188	1.863364	42.25188	1.863364	42.25188	1.863364	42.25188	1.863364	42.25188	1.974749	42.244308
H31	1.825682	42.10585	Solsona	1.825682	42.10585	1.825682	42.10585	1.825682	42.10585	1.825682	42.10585	1.825682	42.10585	1.825682	42.10585
H33	1.928094	41.977829	Solsona	1.977026	42.003767	1.781296	41.900012	1.977026	42.003767	1.977026	42.003767	1.781296	41.900012	1.977026	42.003767
H36	1.834666	42.090349	Solsona	1.844025	42.103289	1.844025	42.103289	1.825308	42.07741	1.844025	42.103289	1.825308	42.07741	1.844025	42.103289
H42	1.834344	42.137985	Solsona	1.901308	42.22221	1.842593	42.013714	1.901308	42.22221	1.901308	42.22221	1.76738	42.05376	1.76738	42.05376
H43	1.808581	42.161259	Solsona	1.763096	42.120502	0.816635	42.152329	1.810363	42.115148	1.810363	42.115148	1.777015	42.233748	1.836583	42.180991
H45	2.190826	42.201274	Vic	2.190826	42.201274	2.190826	42.201274	2.190826	42.201274	2.190826	42.201274	2.190826	42.201274	2.190826	42.201274
H46	1.922842	42.081242	Solsona	1.825308	42.07741	1.928727	42.137344	2.02828	42.008858	1.825308	42.07741	1.844025	42.103289	1.993754	42.13541
H47	1.878558	42.088631	Solsona	1.863364	42.25188	1.883623	42.034214	1.883623	42.034214	1.863364	42.25188	1.883623	42.034214	1.883623	42.034214
H50	2.104371	42.174848	Vic	1.883623	42.034214	2.365457	42.312888	1.973828	42.105828	1.973828	42.105828	2.365457	42.312888	-0.037507	41.23639
H51	1.835234	41.986944	Solsona	1.879157	41.974126	1.842593	42.013714	1.842593	42.013714	1.842593	42.013714	1.879157	41.974126	1.776592	41.94622
H52	1.779725	42.081476	Solsona	1.883623	42.034214	1.763096	42.120502	1.883623	42.034214	1.883623	42.034214	1.763096	42.120502	1.588558	42.136974
H54	1.749218	42.078398	Solsona	1.825682	42.10585	1.825682	42.10585	1.825682	42.10585	1.519824	41.99604	1.825682	42.10585	1.825682	42.10585
H59	1.813909	42.003199	Solsona	1.842593	42.013714	1.842593	42.013714	1.669141	41.763158	1.901308	42.22221	1.842593	42.013714	1.842593	42.013714
H60	1.825682	42.10585	Solsona	1.825682	42.10585	1.825682	42.10585	1.825682	42.10585	1.825682	42.10585	1.825682	42.10585	1.825682	42.10585
H61	1.874623	42.08046	Solsona	1.883623	42.034214	1.844025	42.103289	1.905221	42.057632	1.905221	42.057632	1.844025	42.103289	1.844025	42.103289
H62	1.836681	42.086481	Solsona	1.928727	42.137344	1.825308	42.07741	1.928727	42.137344	1.825308	42.07741	1.825308	42.07741	1.76738	42.05376
H63	1.743889	42.101501	Solsona	1.859404	42.146664	1.859404	42.146664	1.818207	42.203923	1.437833	41.77595	1.901308	42.22221	1.818207	42.203923
H65	1.794595	42.057849	Solsona	1.993754	42.13541	0.816635	42.152329	1.993754	42.13541	1.51146	41.734003	1.836583	42.180991	1.836583	42.180991
H68	1.864207	42.188781	Solsona	0.816635	42.152329	1.891831	42.196571	1.836583	42.180991	1.836583	42.180991	1.891831	42.196571	1.891831	42.196571
H70	1.799728	42.240599	Solsona	1.863364	42.25188	1.736093	42.229318	1.863364	42.25188	1.863364	42.25188	1.736093	42.229318	1.736093	42.229318
H72	2.010362	42.153805	Solsona	1.825308	42.07741	2.167777	42.306283	1.825682	42.10585	1.825682	42.10585	2.195042	42.201759	2.195042	42.201759
H73	1.900088	41.968798	Solsona	1.842593	42.013714	1.879157	41.974126	1.842593	42.013714	1.842593	42.013714	1.879157	41.974126	2.036008	41.873639
H78	1.844025	42.103289	Solsona	2.176349	41.384247	1.844025	42.103289	1.844025	42.103289	1.844025	42.103289	1.844025	42.103289	1.844025	42.103289
H79	1.807143	42.065653	Solsona	1.844025	42.103289	1.842593	42.013714	1.810363	42.115148	1.810363	42.115148	1.842593	42.013714	1.765254	42.0186
H8	2.03778	42.047094	Vic	2.189103	41.915235	1.973828	42.105828	2.195042	42.201759	2.195042	42.201759	1.784008	41.78109	1.977026	42.003767
H82	1.881172	42.116397	Solsona	1.945347	42.173424	1.825308	42.07741	1.945347	42.173424	1.928727	42.137344	1.825308	42.07741	1.825308	42.07741
H85	1.930132	42.191973	Solsona	1.945347	42.173424	1.974749	42.244308	1.945347	42.173424	1.974749	42.244308	1.974749	42.244308	1.825682	42.10585
H88	1.661806	42.063587	Solsona	1.883623	42.034214	1.842593	42.013714	1.865867	42.073024	1.865867	42.073024	1.802585	42.19253	1.112902	41.915769
H90	1.736093	42.229318	Solsona	1.736093	42.229318	1.736093	42.229318	1.736093	42.229318	1.736093	42.229318	1.736093	42.229318	1.736093	42.229318
H92	1.789712	42.060534	Solsona	1.7354	42.01778	1.844025	42.103289	1.7354	42.01778	1.7354	42.01778	1.844025	42.103289	1.844025	42.103289
H94	1.817042	42.134796	Solsona	1.844025	42.103289	1.844025	42.103289	1.844025	42.103289	1.736093	42.229318	1.844025	42.103289	1.844025	42.103289
H97	1.825682	42.10585	Solsona	1.865867	42.073024	1.802585	42.19253	1.825682	42.10585	1.825682	42.10585	1.825682	42.10585	1.825682	42.10585
H99	1.827167	42.064021	Solsona	1.826991	41.723127	1.844025	42.103289	1.776592	41.94622	1.844025	42.103289	1.844025	42.103289	1.844025	42.103289
OL1	2.596469	42.230098	Girona	2.596469	42.230098	2.596469	42.230098	2.596469	42.230098	2.596469	42.230098	2.596469	42.230098	2.596469	42.230098
OL100	2.536928	42.05562	Girona	2.536928	42.05562	2.536928	42.05562	2.536928	42.05562	2.536928	42.05562	2.536928	42.05562	2.536928	42.05562
OL103	2.452487	42.211421	Girona	2.452487	42.211421	2.452487	42.211421	2.452487	42.211421	2.452487	42.211421	2.452487	42.211421	2.452487	42.211421
OL107	2.490142	42.16598	Girona	2.488166	42.181838	2.488166	42.181838	2.408613	42.187652	2.408613	42.187652	2.571671	42.144307	2.571671	42.144307
OL109	2.575698	42.063149	Girona	2.614468	42.070678	2.601808	42.010074	2.614468	42.070678	2.614468	42.070678	2.536928	42.05562	2.536928	42.05562
OL111	2.49811	42.128757	Girona	2.488166	42.181838	2.508055	42.075676	2.488166	42.181838	2.488166	42.181838	2.508055	42.075676	2.508055	42.075676
OL112	2.550427	42.131782	Girona	2.529182	42.119257	2.571671	42.144307	2.529182	42.119257	2.529182	42.119257	2.571671	42.144307	2.571671	42.144307
OL119	2.489725	42.242191	Girona	2.526963	42.27296	2.452487	42.211421	2.526963	42.27296	2.526963	42.27296	2.452487	42.211421	2.452487	42.211421
OL122	2.456992	42.183509	Girona	2.513046	42.213495	2.400939	42.153523	2.513046	42.213495	2.513046	42.213495	2.400939	42.153523	2.400939	42.153523
OL125	2.571671	42.144307	Girona	2.571671	42.144307	2.571671	42.144307	2.571671	42.144307	2.571671	42.144307	2.571671	42.144307	2.571671	42.144307
OL126	2.508055	42.075676	Girona	2.508055	42.075676	2.508055	42.075676	2.508055	42.075676	2.508055	42.075676	2.508055	42.075676	2.508055	42.075676
OL127	2.439681	42.149449	Girona	2.439681	42.149449	2.439681	42.149449	2.439681	42.149449	2.439681	42.149449	2.439681	42.149449	2.439681	42.149449
OL128	2.564139	42.153125	Girona	2.488166	42.181838	2.640112	42.124412	2.488166	42.181838	2.488166	42.181838	2.640112	42.124412	2.640112	42.124412
OL129	2.488166	42.181838	Girona	2.488166	42.181838	2.488166	42.181838	2.488166	42.181838	2.488166	42.181838	2.488166	42.181838	2.488166	42.181838
OL130	2.605891	42.13436	Girona	2.640112	42.124412	2.571671	42.144307	2.640112	42.124412	2.640112	42.124412	2.571671	42.144307	2.571671	42.144307
OL132	2.498693	42.167411	Girona	2.517503	42.180776	2.461075	42.14068	2.517503	42.180776	2.517503	42.180776	2.461075	42.14068	ND	ND
OL134	2.473753	42.149813	Girona	2.487967	42.168355	2.459341	42.117787	2.488166	42.181838	2.488166	42.181838	2.459341	42.117787	2.459341	42.117787
OL137	2.529269	42.097207	Girona	2.508055	42.075676	2.571671	42.144307	2.508055	42.075676	2.46568	42.024536	2.571671	42.144307	2.571671	42.144307
OL139	2.512547	42.118729	Girona	2.488166	42.181838	2.536928	42.05562	2.488166	42.181838	2.488166	42.181838	2.536928	42.05562	2.536928	42.05562
OL14	2.419996	42.121468	Girona	2.419996	42.121468	2.419996	42.121468	2.419996	42.121468	2.419996	42.121468	2.419996	42.121468	2.419996	42.121468
OL142	2.410306	42.18818	Girona	2.517503	42.180776	2.303109	42.195583	2.517503	42.180776	2.517503	42.180776	2.303109	42.195583	2.303109	42.195583
OL143	2.419996	42.121468	Girona	2.419996	42.121468	2.419996	42.121468	2.419996	42.121468	2.419996	42.121468	2.419996	42.121468	2.419996	42.121468
OL144	2.56231	42.184422	Girona	2.577524	42.173222	2.547096	42.195622	2.577524	42.173222	2.577524	42.173222	2.547096	42.195622	2.547096	42.195622
OL146	2.470326	42.19663	Girona	2.488166	42.181838	2.452487	42.211421	2.488166	42.181838	2.488166	42.181838	2.452487	42.211421	2.452487	42.211421
OL149	2.488166	42.181838	Girona	2.488166	42.181838	2.400939	42.153523	2.488166	42.181838	2.488166	42.181838	2.488166	42.181838	2.488166	42.181838
OL15	2.571671	42.144307	Girona	2.571671	42.144307	2.571671	42.144307	2.571671	42.144307	2.571671	42.144307	2.571671	42.144307	2.571671	42.144307
OL152	2.452487	42.211421	Girona	2.452487	42.211421	2.452487	42.211421	2.452487	42.211421	2.452487	42.211421	2.452487	42.211421	2.452487	42.211421
OL153	2.488166	42.181838	Girona	2.488166	42.181838	2.488166	42.181838	2.488166	42.181838	2.488166	42.181838	2.488166	42.181838	2.488166	42.181838
OL154	2.449883	42.102311	Girona	2.449883	42.102311	2.449883	42.102311	2.449883	42.102311	2.449883	42.102311	2.449883	42.102311	2.449883	42.102311
OL155	2.52063	42.24236	Girona	2.596469	42.230098	2.554621	42.218285	2.596469	42.230098	2.607548	42.212956	2.513046	42.213495	2.365457	42.312888
OL156	2.452487	42.211421	Girona	2.452487	42.211421	2.452487	42.211421	2.452487	42.211421	2.452487	42.211421	2.452487	42.211421	2.452487	42.211421
OL157	2.470326	42.19663	Girona	2.452487	42.211421	2.488166	42.181838	2.452487	42.211421	2.452487	42.211421	2.488166	42.181838	2.488166	42.181838
OL158	2.488166	42.181838	Girona	2.513046	42.213495	2.488166	42.181838	2.488166	42.181838	2.488166	42.181838	2.488166	42.181838	2.488166	42.181838
OL16	2.45312	42.170839	Girona	2.459341	42.117787	2.461075	42.14068	2.459341	42.117787	2.459341	42.117787	2.607548	42.212956	2.28625	42.234825
OL161	2.525279	42.134107	Girona	2.513046	42.213495	2.536928	42.05562	2.517503	42.180776	2.517503	42.180776	2.529182	42.119257	2.536928	42.05562
OL163	2.500917	42.163428	Girona	2.513046	42.213495	2.497349	42.207304	ND	ND	2.508055	42.075676	2.497349	42.207304	2.497349	42.207304
OL165	2.644707	42.125726	Girona	2.488166	42.181838	2.614468	42.070678	2.640112	42.124412	2.709781	42.237136	2.614468	42.070678	2.614468	42.070678
OL168	2.387208	42.208332	Girona	2.488166	42.181838	-7.454874	43.553409	2.488166	42.181838	2.488166	42.181838	2.28625	42.234825	2.28625	42.234825
OL17	2.454081	42.151653	Girona	2.488166	42.181838	2.419996	42.121468	2.488166	42.181838	2.488166	42.181838	2.419996	42.121468	2.419996	42.121468
OL170	2.504122	42.296656	Girona	2.526963	42.27296	2.481281	42.320352	2.526963	42.27296	2.526963	42.27296	2.481281	42.320352	2.481281	42.320352
OL171	2.492757	42.194571	Girona	2.488166	42.181838	2.497349	42.207304	2.488166	42.181838	2.488166	42.181838	2.497349	42.207304	2.497349	42.207304
OL172	2.452487	42.211421	Girona	2.452487	42.211421	2.452487	42.211421	2.452487	42.211421	2.452487	42.211421	2.452487	42.211421	2.452487	42.211421
OL175	2.516606	42.191699	Girona	2.554621	42.218285	2.488166	42.181838	2.554621	42.218285	2.554621	42.218285	2.517503	42.180776	2.439681	42.149449
OL177	2.507701	42.1592	Girona	2.571671	42.144307	2.443731	42.174093	2.571671	42.144307	2.571671	42.144307	2.443731	42.174093	2.443731	42.174093
OL181	2.49335	42.169562	Girona	2.461075	42.14068	2.452487	42.211421	2.461075	42.14068	2.488166	42.181838	2.452487	42.211421	2.571671	42.144307
OL184	2.488166	42.181838	Girona	2.488166	42.181838	2.488166	42.181838	2.488166	42.181838	2.488166	42.181838	2.488166	42.181838	2.488166	42.181838
OL186	2.488166	42.181838	Girona	2.488166	42.181838	2.488166	42.181838	2.488166	42.181838	2.488166	42.181838	2.488166	42.181838	2.488166	42.181838
OL187	2.658664	42.225046	Girona	2.607548	42.212956	2.709781	42.237136	2.607548	42.212956	2.607548	42.212956	2.709781	42.237136	2.709781	42.237136
OL188	2.652771	42.244181	Girona	2.607548	42.212956	2.3	41.65	2.596469	42.230098	2.595054	42.272354	2.709781	42.237136	2.709781	42.237136
OL189	2.488166	42.181838	Girona	2.488166	42.181838	2.488166	42.181838	2.488166	42.181838	2.488166	42.181838	2.488166	42.181838	2.488166	42.181838
OL19	2.507701	42.1592	Girona	2.443731	42.174093	2.571671	42.144307	2.443731	42.174093	2.443731	42.174093	2.571671	42.144307	2.571671	42.144307
OL190	2.547857	42.197397	Girona	2.488166	42.181838	2.607548	42.212956	2.488166	42.181838	2.488166	42.181838	2.607548	42.212956	2.607548	42.212956
OL191	2.571671	42.144307	Girona	2.571671	42.144307	2.571671	42.144307	2.571671	42.144307	2.571671	42.144307	2.571671	42.144307	2.571671	42.144307
OL193	2.410468	42.137495	Girona	2.400939	42.153523	2.419996	42.121468	2.400939	42.153523	2.400939	42.153523	2.419996	42.121468	2.419996	42.121468
OL194	2.544587	42.162542	Girona	2.517503	42.180776	2.517503	42.180776	2.571671	42.144307	2.571671	42.144307	2.517503	42.180776	2.517503	42.180776
OL195	2.492393	42.19981	Girona	2.452487	42.211421	2.517503	42.180776	2.452487	42.211421	2.452487	42.211421	2.547096	42.195622	2.517503	42.180776
OL196	2.512547	42.118729	Girona	2.488166	42.181838	2.536928	42.05562	2.488166	42.181838	2.488166	42.181838	2.536928	42.05562	2.536928	42.05562
OL2	2.476044	42.173741	Girona	2.439681	42.149449	2.452487	42.211421	2.439681	42.149449	2.488166	42.181838	2.488166	42.181838	2.488166	42.181838
OL200	2.463644	42.136037	Girona	2.488166	42.181838	2.408613	42.187652	2.46568	42.024536	2.571671	42.144307	2.408613	42.187652	2.408613	42.187652
OL201	2.439088	42.121412	Girona	2.449883	42.102311	2.428293	42.140513	2.449883	42.102311	2.449883	42.102311	2.428293	42.140513	2.428293	42.140513
OL202	2.429248	42.144982	Girona	2.449883	42.102311	2.488166	42.181838	2.449883	42.102311	2.449883	42.102311	2.408613	42.187652	2.408613	42.187652
OL203	2.459341	42.117787	Girona	2.459341	42.117787	2.459341	42.117787	2.459341	42.117787	2.459341	42.117787	2.459341	42.117787	2.459341	42.117787
OL204	2.502253	42.206879	Girona	2.554621	42.218285	2.554621	42.218285	2.28625	42.234825	2.554621	42.218285	2.596469	42.230098	2.571671	42.144307
OL207	2.519459	42.247192	Girona	2.481281	42.320352	2.66846	42.019776	2.481281	42.320352	2.481281	42.320352	2.714335	42.194543	2.400939	42.153523
OL208	2.636113	42.223389	Girona	2.641949	42.213078	2.630278	42.2337	2.641949	42.213078	2.641949	42.213078	2.630278	42.2337	2.630278	42.2337
OL210	2.544587	42.162542	Girona	2.517503	42.180776	2.571671	42.144307	2.517503	42.180776	2.517503	42.180776	2.571671	42.144307	2.571671	42.144307
OL211	2.497151	42.183867	Girona	2.554621	42.218285	2.439681	42.149449	2.554621	42.218285	2.554621	42.218285	2.439681	42.149449	2.439681	42.149449
OL212	2.495879	42.146361	Girona	2.461075	42.14068	2.497349	42.207304	2.461075	42.14068	2.536928	42.05562	2.488166	42.181838	2.497349	42.207304
OL22	2.515555	42.061682	Girona	2.508055	42.075676	2.529182	42.119257	2.508055	42.075676	2.516928	41.976118	2.529182	42.119257	2.508055	42.075676
OL24	2.460149	42.163442	Girona	2.443731	42.174093	2.439681	42.149449	2.443731	42.174093	2.517503	42.180776	2.439681	42.149449	2.439681	42.149449
OL29	2.477855	42.191637	Girona	2.408613	42.187652	2.547096	42.195622	2.408613	42.187652	2.408613	42.187652	2.547096	42.195622	2.547096	42.195622
OL3	2.500606	42.197667	Girona	2.488166	42.181838	2.488166	42.181838	2.513046	42.213495	2.513046	42.213495	2.488166	42.181838	2.488166	42.181838
OL36	2.426811	42.247363	Girona	2.176349	41.384247	2.488166	42.181838	2.365457	42.312888	2.365457	42.312888	2.488166	42.181838	2.488166	42.181838
OL44	2.464099	42.223952	Girona	2.554621	42.218285	2.641949	42.213078	2.28625	42.234825	2.28625	42.234825	2.641949	42.213078	2.641949	42.213078
OL46	2.400939	42.153523	Girona	2.400939	42.153523	2.400939	42.153523	2.400939	42.153523	2.400939	42.153523	2.400939	42.153523	2.400939	42.153523
OL47	2.507701	42.1592	Girona	2.571671	42.144307	2.443731	42.174093	2.571671	42.144307	2.571671	42.144307	2.443731	42.174093	2.443731	42.174093
OL48	2.564139	42.153125	Girona	2.488166	42.181838	2.640112	42.124412	2.488166	42.181838	2.488166	42.181838	2.640112	42.124412	2.640112	42.124412
OL49	2.704222	42.218763	Girona	2.698663	42.20039	2.709781	42.237136	2.698663	42.20039	2.698663	42.20039	2.709781	42.237136	2.709781	42.237136
OL51	2.553615	42.156464	Girona	2.517503	42.180776	2.365457	42.312888	2.176349	41.384247	2.517503	42.180776	2.571671	42.144307	2.571671	42.144307
OL58	2.649717	42.219862	Girona	2.744813	42.22144	2.554621	42.218285	2.744813	42.22144	2.744813	42.22144	2.554621	42.218285	2.554621	42.218285
OL60	2.460208	42.129234	Girona	2.461075	42.14068	2.459341	42.117787	2.461075	42.14068	2.461075	42.14068	2.459341	42.117787	2.459341	42.117787
OL63	2.577322	42.204289	Girona	2.547096	42.195622	2.607548	42.212956	2.547096	42.195622	2.547096	42.195622	2.607548	42.212956	2.607548	42.212956
OL64	2.536928	42.05562	Girona	2.536928	42.05562	2.536928	42.05562	2.536928	42.05562	2.536928	42.05562	2.536928	42.05562	2.536928	42.05562
OL65	2.455813	42.268454	Girona	2.36724	42.26232	2.488166	42.181838	2.316839	42.316476	2.452487	42.211421	2.526963	42.27296	2.526963	42.27296
OL68	2.656924	42.120832	Girona	2.687677	42.125648	2.999273	41.974791	2.687677	42.125648	2.659794	42.108855	2.640112	42.124412	2.640112	42.124412
OL69	2.538875	42.275225	Girona	2.488166	42.181838	2.481281	42.320352	2.596469	42.230098	2.596469	42.230098	2.481281	42.320352	2.481281	42.320352
OL70	2.461075	42.14068	Girona	2.461075	42.14068	2.443731	42.174093	2.461075	42.14068	2.461075	42.14068	2.461075	42.14068	2.461075	42.14068
OL73	2.458452	42.127622	Girona	2.488166	42.181838	2.488166	42.181838	2.488166	42.181838	2.448547	42.109551	2.448547	42.109551	2.448547	42.109551
OL76	2.452487	42.211421	Girona	2.452487	42.211421	2.452487	42.211421	2.452487	42.211421	2.452487	42.211421	2.452487	42.211421	2.452487	42.211421
OL79	2.452487	42.211421	Girona	2.452487	42.211421	2.452487	42.211421	2.452487	42.211421	2.452487	42.211421	2.452487	42.211421	2.452487	42.211421
OL80	2.49599	42.147897	Girona	2.419996	42.121468	2.419996	42.121468	2.571671	42.144307	2.571671	42.144307	2.439681	42.149449	2.400939	42.153523
OL82	2.488166	42.181838	Girona	2.488166	42.181838	2.488166	42.181838	2.488166	42.181838	2.488166	42.181838	2.488166	42.181838	2.488166	42.181838
OL85	2.420153	42.136477	Girona	2.419996	42.121468	2.439681	42.149449	2.419996	42.121468	2.419996	42.121468	2.439681	42.149449	2.400939	42.153523
OL86	2.48706	42.177088	Girona	2.461075	42.14068	2.513046	42.213495	2.461075	42.14068	2.461075	42.14068	2.513046	42.213495	2.513046	42.213495
OL90	2.316385	42.182113	Vic	2.513046	42.213495	2.104818	42.315788	2.513046	42.213495	2.513046	42.213495	2.119724	42.15073	2.119724	42.15073
OL92	2.488166	42.181838	Girona	2.488166	42.181838	2.488166	42.181838	2.488166	42.181838	2.488166	42.181838	2.488166	42.181838	2.488166	42.181838
OL93	2.52926	42.098553	Girona	2.571671	42.144307	2.536928	42.05562	2.571671	42.144307	ND	ND	2.508055	42.075676	2.508055	42.075676
OL94	2.452487	42.211421	Girona	2.452487	42.211421	2.452487	42.211421	2.452487	42.211421	2.452487	42.211421	2.452487	42.211421	2.452487	42.211421
OL98	2.488166	42.181838	Girona	2.488166	42.181838	2.488166	42.181838	2.488166	42.181838	2.488166	42.181838	2.488166	42.181838	2.488166	42.181838
OL99	2.555414	42.165617	Girona	2.571671	42.144307	2.571671	42.144307	2.571671	42.144307	2.571671	42.144307	2.451027	42.338403	2.627287	42.03545
P1	1.178685	42.231145	Urgell	1.163474	42.170113	0.971562	42.249876	1.163474	42.170113	1.163474	42.170113	1.193895	42.292176	1.193895	42.292176
P100	0.940779	42.242374	Urgell	0.920683	42.264131	0.971562	42.249876	0.920683	42.264131	1.071651	42.072151	0.782451	42.178759	0.988332	42.454453
P102	1.058357	42.103673	Urgell	1.112038	42.12875	0.971562	42.249876	1.070353	42.086665	1.046361	42.12068	1.070353	42.086665	1.046361	42.12068
P103	0.834224	42.126873	Urgell	0.782451	42.178759	0.971562	42.249876	0.782451	42.178759	0.721277	42.178902	0.916585	42.074916	0.916585	42.074916
P104	0.847825	42.158929	Urgell	0.895665	42.167277	0.971562	42.249876	0.84908	42.175562	1.012526	42.119144	0.807158	42.083728	0.722537	42.257282
P105	0.832519	42.220971	Urgell	0.895665	42.167277	0.895665	42.167277	0.895665	42.167277	0.989338	42.202045	0.722537	42.257282	0.722537	42.257282
P107	1.011782	42.320898	Urgell	2.19258	41.399268	1.211962	42.499841	0.990403	42.225563	1.075827	42.381121	0.960316	42.344236	1.02058	42.332674
P108	1.110556	42.072321	Urgell	1.031367	42.081227	0.971562	42.249876	1.031367	42.081227	1.031367	42.081227	1.099025	42.102688	1.280466	42.024143
P109	0.753294	42.135462	Lleida	0.895665	42.167277	0.971562	42.249876	0.5667	42.1167	0.881576	42.06763	0.782451	42.178759	0.782451	42.178759
P110	1.252314	42.199686	Urgell	1.325	42.2	1.455904	42.359941	1.252314	42.199686	1.252314	42.199686	1.252314	42.199686	1.252314	42.199686
P111	1.061782	42.260624	Urgell	0.956724	42.086465	1.211962	42.499841	0.956724	42.086465	0.956724	42.086465	1.121718	42.369724	1.211962	42.499841
P112	1.002055	42.263881	Urgell	0.895665	42.167277	1.211962	42.499841	0.895665	42.167277	0.941964	42.18134	1.085296	42.353454	1.085296	42.353454
P113	1.129693	42.218979	Urgell	1.163474	42.170113	0.971562	42.249876	1.157526	42.14552	1.081082	42.360136	1.091772	42.161421	1.188393	42.208838
P115	0.919942	42.268625	Urgell	0.710021	42.126084	1.211962	42.499841	0.710021	42.126084	0.710021	42.126084	1.129864	42.411166	1.129864	42.411166
P118	1.043595	42.131774	Urgell	1.040829	42.142868	0.971562	42.249876	1.040829	42.142868	1.040829	42.142868	1.046361	42.12068	1.046361	42.12068
P12	0.872632	42.121428	Urgell	0.862985	42.102704	0.971562	42.249876	0.859245	42.094305	0.862985	42.102704	0.895665	42.167277	-4.700323	40.65642
P13	1.030976	42.288495	Urgell	0.987732	42.252721	1.211962	42.499841	0.987732	42.252721	0.987732	42.252721	1.06471	42.323572	1.08373	42.324968
P15	0.743758	42.3858	Lleida	0.736084	42.342718	0.751499	42.405283	0.736084	42.342718	0.736084	42.342718	0.787084	42.409323	0.715782	42.448443
P16	0.835683	42.079083	Urgell	0.835683	42.079083	0.971562	42.249876	0.835683	42.079083	0.835683	42.079083	1.830136	41.56639	0.835683	42.079083
P17	0.946547	42.177535	Urgell	0.921532	42.105194	0.971562	42.249876	0.921532	42.105194	0.921532	42.105194	0.971562	42.249876	0.971562	42.249876
P18	1.043852	42.163268	Urgell	1.075177	42.207391	0.971562	42.249876	1.075177	42.207391	1.075177	42.207391	1.012526	42.119144	1.012526	42.119144
P19	0.89753	42.157417	Urgell	0.895476	42.147046	0.971562	42.249876	0.895476	42.147046	0.982343	42.163016	0.895665	42.167277	0.816635	42.152329
P2	0.838297	42.254507	Lleida	0.710021	42.126084	0.971562	42.249876	0.710021	42.126084	0.710021	42.126084	0.966573	42.382929	0.966573	42.382929
P21	0.965306	42.403167	Urgell	1.091772	42.161421	0.971562	42.249876	0.965306	42.403167	0.122462	42.036627	0.965306	42.403167	0.965306	42.403167
P22	0.844367	42.075679	Urgell	0.881576	42.06763	0.971562	42.249876	0.881576	42.06763	0.881576	42.06763	0.807158	42.083728	0.807158	42.083728
P23	0.919976	42.2571	Urgell	1.870898	42.052598	0.971562	42.249876	0.923967	42.311922	0.964605	42.381925	0.895665	42.167277	0.895665	42.167277
P24	1.094446	42.113373	Urgell	1.031367	42.081227	0.971562	42.249876	1.031367	42.081227	1.031367	42.081227	1.157526	42.14552	1.157526	42.14552
P25	1.172043	42.180554	Urgell	1.091772	42.161421	1.455904	42.359941	1.091772	42.161421	1.091772	42.161421	1.252314	42.199686	1.252314	42.199686
P26	0.955159	42.081924	Urgell	0.956724	42.086465	0.971562	42.249876	0.956724	42.086465	0.881576	42.06763	0.991168	42.086801	0.991168	42.086801
P27	1.048789	42.396688	Urgell	0.790731	42.253864	1.211962	42.499841	0.81319	42.287349	0.790731	42.253864	1.272929	42.496405	1.318306	42.549133
P28	0.865088	42.1439	Urgell	0.895476	42.147046	0.971562	42.249876	0.895476	42.147046	0.919441	42.147092	0.862985	42.102704	0.782451	42.178759
P29	0.796449	42.200751	Lleida	0.895665	42.167277	0.971562	42.249876	0.726567	42.097919	0.895665	42.167277	0.868575	42.386711	0.694989	42.151098
P3	0.957178	42.178992	Urgell	0.932449	42.21158	0.971562	42.249876	0.932449	42.21158	1.031367	42.081227	0.932449	42.21158	0.932449	42.21158
P30	0.897559	42.391308	Urgell	0.918432	42.398693	ND	ND	0.918432	42.398693	0.918432	42.398693	0.876686	42.383923	0.876686	42.383923
P32	0.800012	42.082834	Urgell	0.807158	42.083728	0.971562	42.249876	0.807158	42.083728	0.807158	42.083728	0.807158	42.083728	0.778574	42.080153
P34	0.90614	42.172107	Urgell	0.736084	42.342718	0.971562	42.249876	0.736084	42.342718	-1.109272	40.34413	0.991168	42.086801	0.991168	42.086801
P35	1.094319	42.140907	Urgell	1.040829	42.142868	0.971562	42.249876	1.091772	42.161421	1.091772	42.161421	1.112038	42.12875	1.081694	42.112038
P36	0.933339	42.155628	Urgell	0.895665	42.167277	0.971562	42.249876	0.895665	42.167277	0.895665	42.167277	0.895665	42.167277	1.046361	42.12068
P37	1.005195	42.325193	Urgell	0.816635	42.152329	0.971562	42.249876	0.816635	42.152329	0.787084	42.409323	0.817067	42.17276	1.599995	42.566361
P38	0.975946	42.085419	Urgell	0.895665	42.167277	0.971562	42.249876	0.895665	42.167277	0.895665	42.167277	1.19587	41.932207	0.916585	42.074916
P40	1.06082	42.331233	Urgell	1.2496	42.23819	0.971562	42.249876	1.2496	42.23819	1.2496	42.23819	0.992581	42.443271	0.751499	42.405283
P41	0.853056	42.212817	Urgell	0.895665	42.167277	0.971562	42.249876	0.895665	42.167277	0.885027	42.32967	0.782451	42.178759	0.84908	42.175562
P42	1.024614	42.357681	Urgell	0.841149	42.086147	1.211962	42.499841	0.694989	42.151098	0.841149	42.086147	1.326239	42.588151	1.236077	42.605326
P43	1.075281	42.111185	Urgell	1.046361	42.12068	0.971562	42.249876	1.096363	42.074628	1.046361	42.12068	1.112038	42.12875	1.046361	42.12068
P44	0.956642	42.240991	Urgell	0.895665	42.167277	0.971562	42.249876	0.895665	42.167277	0.895665	42.167277	1.134909	42.44428	0.900328	42.185131
P45	1.00337	42.141094	Urgell	0.994646	42.12991	0.971562	42.249876	0.994646	42.12991	0.994646	42.12991	1.012095	42.152278	1.012095	42.152278
P46	0.984935	42.168222	Urgell	0.895665	42.167277	0.971562	42.249876	-7.454874	43.553409	0.895665	42.167277	0.895665	42.167277	1.163474	42.170113
P48	0.965583	42.386202	Urgell	0.895665	42.167277	0.971562	42.249876	1.244619	42.51525	0.848103	42.223616	0.787084	42.409323	0.982525	42.396621
P49	0.880165	42.132095	Urgell	0.721053	42.218913	0.971562	42.249876	0.756103	42.208911	0.721053	42.218913	0.643686	42.129499	1.399816	41.971055
P50	0.854255	42.270795	Lleida	0.872459	42.220021	0.971562	42.249876	0.901277	42.275304	0.872459	42.220021	0.852553	42.333992	0.790731	42.253864
P56	1.206486	42.563848	Urgell	1.2667	42.4833	1.211962	42.499841	1.244113	42.505486	1.2667	42.4833	1.22217	42.565414	1.09296	42.70119
P57	0.98569	42.067292	Urgell	1.012526	42.119144	0.971562	42.249876	1.092116	41.969913	1.012526	42.119144	0.921532	42.105194	0.916585	42.074916
P58	0.754539	42.344121	Lleida	0.895665	42.167277	ND	ND	0.895665	42.167277	0.802751	42.273641	0.65987	42.467784	0.65987	42.467784
P59	0.961286	42.195586	Urgell	0.867581	42.154498	0.971562	42.249876	0.867581	42.154498	1.06471	42.323572	0.900328	42.185131	1.012526	42.119144
P60	1.179738	42.440862	Urgell	0.988332	42.454453	0.971562	42.249876	0.988332	42.454453	1.312571	42.355978	1.019187	42.382228	1.39886	42.570788
P61	0.899169	42.400139	Urgell	0.868575	42.386711	0.971562	42.249876	0.747188	42.316119	0.868575	42.386711	0.988332	42.454453	0.992581	42.443271
P63	0.901594	42.095306	Urgell	0.956724	42.086465	0.971562	42.249876	0.807158	42.083728	0.956724	42.086465	0.921247	42.105515	0.921247	42.105515
P64	0.97132	42.235834	Urgell	0.895665	42.167277	0.971562	42.249876	0.895665	42.167277	0.964085	42.197618	0.895665	42.167277	1.129864	42.411166
P65	1.311958	42.41944	Urgell	1.384957	42.272905	ND	ND	1.244619	42.51525	1.384957	42.272905	1.384957	42.272905	1.2333	42.6167
P66	0.96705	42.430436	Urgell	0.988332	42.454453	0.971562	42.249876	0.988332	42.454453	0.949913	42.394518	0.986733	42.47424	0.943221	42.398533
P67	1.065428	42.194015	Urgell	1.012526	42.119144	0.971562	42.249876	1.012526	42.119144	1.012526	42.119144	1.042765	42.245594	1.193895	42.292176
P7	1.193579	42.429587	Urgell	1.221658	42.375987	1.211962	42.499841	1.221658	42.375987	1.231814	42.583647	1.160422	42.379357	1.160422	42.379357
P72	1.097549	42.079519	Urgell	0.895665	42.167277	0.971562	42.249876	1.681446	41.913743	0.921532	42.105194	0.895665	42.167277	0.891551	42.131863
P78	1.066656	42.116663	Urgell	0.980863	42.087793	0.971562	42.249876	0.980863	42.087793	0.956724	42.086465	1.31651	42.17325	1.012526	42.119144
P79	0.872197	42.205576	Urgell	0.895665	42.167277	0.971562	42.249876	0.895665	42.167277	0.896915	42.207796	0.848103	42.223616	0.848103	42.223616
P8	0.738674	42.386494	Lleida	0.6833	42.1667	ND	ND	0.690387	42.445324	0.690387	42.445324	0.851125	42.397269	0.722794	42.258058
P80	0.958131	42.039864	Urgell	0.916585	42.074916	0.971562	42.249876	0.916585	42.074916	0.916585	42.074916	1.082768	41.934709	0.916585	42.074916
P82	0.861865	42.15715	Urgell	0.816635	42.152329	0.971562	42.249876	0.816635	42.152329	0.867581	42.154498	0.895665	42.167277	0.867581	42.154498
P83	0.91037	42.380211	Urgell	0.764938	42.102176	1.211962	42.499841	0.764938	42.102176	0.880956	42.359421	-7.842386	42.814613	1.085217	42.679035
P84	0.86679	42.109764	Urgell	0.876901	42.091602	0.971562	42.249876	0.807158	42.083728	0.876901	42.091602	0.891551	42.131863	0.891551	42.131863
P85	0.842029	42.087665	Urgell	0.876901	42.091602	0.971562	42.249876	0.876901	42.091602	0.876901	42.091602	0.807158	42.083728	0.807158	42.083728
P86	1.025252	42.164459	Urgell	0.994646	42.12991	0.971562	42.249876	0.994646	42.12991	0.989338	42.202045	1.091772	42.161421	2.176349	41.384247
P87	0.924222	42.121145	Urgell	1.031367	42.081227	0.971562	42.249876	0.867581	42.154498	0.867581	42.154498	0.980863	42.087793	0.980863	42.087793
P92	0.911875	42.177794	Urgell	0.900328	42.185131	0.971562	42.249876	0.90006	42.185384	0.919325	42.146937	0.895665	42.167277	0.932449	42.21158
P95	1.018928	42.137788	Urgell	0.994646	42.12991	0.971562	42.249876	0.994646	42.12991	0.994646	42.12991	1.091772	42.161421	0.994646	42.12991
P97	0.846594	42.230706	Urgell	0.895665	42.167277	0.971562	42.249876	0.768572	42.314406	0.826474	42.273864	0.895665	42.167277	0.895665	42.167277
P99	0.920808	42.142261	Urgell	0.895665	42.167277	0.971562	42.249876	0.919441	42.147092	0.924908	42.127769	0.919441	42.147092	0.919441	42.147092
R102	2.195042	42.201759	Vic	2.195042	42.201759	2.195042	42.201759	2.195042	42.201759	2.195042	42.201759	2.195042	42.201759	2.195042	42.201759
R103	2.195042	42.201759	Vic	2.195042	42.201759	2.195042	42.201759	2.195042	42.201759	2.195042	42.201759	2.195042	42.201759	2.195042	42.201759
R104	2.010362	42.153805	Solsona	2.195042	42.201759	2.195042	42.201759	1.825682	42.10585	1.825682	42.10585	2.195042	42.201759	2.195042	42.201759
R105	2.195042	42.201759	Vic	2.195042	42.201759	2.195042	42.201759	2.195042	42.201759	2.195042	42.201759	2.195042	42.201759	2.195042	42.201759
R106	2.195042	42.201759	Vic	2.195042	42.201759	2.195042	42.201759	2.195042	42.201759	2.195042	42.201759	2.195042	42.201759	2.195042	42.201759
R107	2.575312	42.222285	Girona	2.575312	42.222285	2.575312	42.222285	2.575312	42.222285	2.575312	42.222285	2.575312	42.222285	2.575312	42.222285
R109	2.195042	42.201759	Vic	2.195042	42.201759	2.195042	42.201759	2.195042	42.201759	2.195042	42.201759	2.195042	42.201759	2.195042	42.201759
R12	2.448555	42.215443	Girona	2.195042	42.201759	2.575312	42.222285	2.195042	42.201759	-3.732465	37.41696	2.575312	42.222285	2.575312	42.222285
R19	2.195042	42.201759	Vic	2.195042	42.201759	2.195042	42.201759	2.195042	42.201759	2.195042	42.201759	2.195042	42.201759	2.195042	42.201759
R20	2.010362	42.153805	Solsona	2.195042	42.201759	1.825682	42.10585	2.195042	42.201759	2.195042	42.201759	1.825682	42.10585	1.825682	42.10585
R22	2.195042	42.201759	Vic	2.195042	42.201759	2.195042	42.201759	2.195042	42.201759	2.195042	42.201759	2.195042	42.201759	2.195042	42.201759
R24	2.195042	42.201759	Vic	2.195042	42.201759	2.195042	42.201759	2.195042	42.201759	2.195042	42.201759	2.195042	42.201759	2.195042	42.201759
R30	2.010362	42.153805	Solsona	2.195042	42.201759	1.825682	42.10585	2.195042	42.201759	2.195042	42.201759	1.825682	42.10585	1.825682	42.10585
R33	2.575312	42.222285	Girona	2.195042	42.201759	2.195042	42.201759	2.575312	42.222285	2.575312	42.222285	2.575312	42.222285	2.575312	42.222285
R36	2.195042	42.201759	Vic	2.195042	42.201759	2.195042	42.201759	2.195042	42.201759	2.195042	42.201759	2.195042	42.201759	2.195042	42.201759
R37	2.385177	42.212022	Girona	2.195042	42.201759	2.195042	42.201759	2.195042	42.201759	2.195042	42.201759	2.575312	42.222285	2.575312	42.222285
R38	2.575312	42.222285	Girona	2.575312	42.222285	2.575312	42.222285	2.575312	42.222285	2.575312	42.222285	2.575312	42.222285	2.575312	42.222285
R39	2.385177	42.212022	Girona	2.195042	42.201759	2.195042	42.201759	2.195042	42.201759	2.195042	42.201759	2.575312	42.222285	2.575312	42.222285
R40	2.195042	42.201759	Vic	2.195042	42.201759	2.195042	42.201759	2.195042	42.201759	2.195042	42.201759	2.195042	42.201759	2.195042	42.201759
R45	2.195042	42.201759	Vic	2.195042	42.201759	2.195042	42.201759	2.195042	42.201759	2.195042	42.201759	2.195042	42.201759	2.195042	42.201759
R51	2.212684	42.135942	Vic	2.195042	42.201759	2.195042	42.201759	2.26561	41.93849	2.195042	42.201759	2.195042	42.201759	2.195042	42.201759
R53	2.290109	42.206891	Vic	2.195042	42.201759	2.195042	42.201759	2.195042	42.201759	2.575312	42.222285	2.195042	42.201759	2.195042	42.201759
R55	2.480244	42.217153	Girona	2.195042	42.201759	2.195042	42.201759	2.195042	42.201759	2.575312	42.222285	2.575312	42.222285	2.575312	42.222285
R58	2.195042	42.201759	Vic	2.195042	42.201759	2.195042	42.201759	2.195042	42.201759	2.195042	42.201759	2.195042	42.201759	2.195042	42.201759
R60	2.385177	42.212022	Girona	2.575312	42.222285	2.195042	42.201759	2.575312	42.222285	2.575312	42.222285	2.195042	42.201759	2.195042	42.201759
R62	2.195042	42.201759	Vic	2.195042	42.201759	2.195042	42.201759	2.195042	42.201759	2.195042	42.201759	2.195042	42.201759	2.195042	42.201759
R63	2.195042	42.201759	Vic	2.195042	42.201759	2.195042	42.201759	2.195042	42.201759	2.195042	42.201759	2.195042	42.201759	2.195042	42.201759
R64	2.312885	42.245842	Vic	2.28625	42.234825	2.28625	42.234825	2.277779	42.265627	2.28625	42.234825	2.28625	42.234825	2.401259	42.248091
R65	2.389446	42.33994	Girona	2.404507	42.34643	2.404507	42.34643	2.404507	42.34643	2.344265	42.320469	2.404507	42.34643	2.404507	42.34643
R67	1.858083	42.388969	Urgell	1.858083	42.388969	1.858083	42.388969	1.858083	42.388969	1.858083	42.388969	1.858083	42.388969	1.858083	42.388969
R68	2.385177	42.212022	Girona	2.195042	42.201759	2.195042	42.201759	2.575312	42.222285	2.195042	42.201759	2.195042	42.201759	2.575312	42.222285
R7	2.195042	42.201759	Vic	2.195042	42.201759	2.365457	42.312888	2.195042	42.201759	2.195042	42.201759	2.195042	42.201759	2.195042	42.201759
R70	2.195042	42.201759	Vic	2.195042	42.201759	2.195042	42.201759	2.195042	42.201759	2.195042	42.201759	2.195042	42.201759	2.195042	42.201759
R78	2.010362	42.153805	Solsona	1.825682	42.10585	2.195042	42.201759	1.825682	42.10585	1.825682	42.10585	2.195042	42.201759	2.195042	42.201759
R8	2.385177	42.212022	Girona	2.575312	42.222285	2.195042	42.201759	2.575312	42.222285	2.575312	42.222285	2.195042	42.201759	2.195042	42.201759
R80	2.010362	42.153805	Solsona	1.825682	42.10585	2.195042	42.201759	1.825682	42.10585	1.825682	42.10585	2.195042	42.201759	2.195042	42.201759
R81	2.102702	42.177782	Vic	1.825682	42.10585	2.195042	42.201759	1.825682	42.10585	2.195042	42.201759	2.195042	42.201759	2.195042	42.201759
R83	2.290109	42.206891	Vic	2.575312	42.222285	2.195042	42.201759	2.575312	42.222285	2.195042	42.201759	2.195042	42.201759	2.195042	42.201759
R84	2.212684	42.135942	Vic	2.195042	42.201759	2.195042	42.201759	2.26561	41.93849	2.195042	42.201759	2.195042	42.201759	2.195042	42.201759
R85	2.195042	42.201759	Vic	2.195042	42.201759	2.195042	42.201759	2.195042	42.201759	2.195042	42.201759	2.195042	42.201759	2.195042	42.201759
R89	2.480244	42.217153	Girona	2.195042	42.201759	2.575312	42.222285	2.195042	42.201759	2.575312	42.222285	2.575312	42.222285	2.575312	42.222285
R9	2.195042	42.201759	Vic	2.195042	42.201759	2.195042	42.201759	2.195042	42.201759	2.195042	42.201759	2.195042	42.201759	2.195042	42.201759
R90	2.195042	42.201759	Vic	2.195042	42.201759	2.195042	42.201759	2.195042	42.201759	2.195042	42.201759	2.195042	42.201759	2.195042	42.201759
R94	2.026562	42.295364	Solsona	1.858083	42.388969	2.195042	42.201759	1.858083	42.388969	1.858083	42.388969	2.195042	42.201759	2.195042	42.201759
R95	2.385177	42.212022	Girona	2.195042	42.201759	2.575312	42.222285	2.195042	42.201759	2.195042	42.201759	2.575312	42.222285	2.575312	42.222285
S1	2.303109	42.195583	Vic	2.303109	42.195583	2.303109	42.195583	2.303109	42.195583	2.303109	42.195583	2.303109	42.195583	2.303109	42.195583
S100	1.432341	42.356241	Urgell	1.415489	42.331472	1.415489	42.331472	1.415489	42.331472	1.415489	42.331472	1.482897	42.430546	1.415489	42.331472
S102	1.87578	42.398385	Urgell	1.858083	42.388969	1.858083	42.388969	1.928871	42.426632	1.858083	42.388969	1.858083	42.388969	1.858083	42.388969
S104	1.435781	42.033288	Solsona	1.9	41.8167	1.9	41.8167	1.9	41.8167	1.9	41.8167	0.971562	42.249876	0.971562	42.249876
S105	1.434212	42.254232	Urgell	1.48065	42.233438	1.48065	42.233438	1.361619	42.278881	1.48065	42.233438	1.413929	42.27117	1.48065	42.233438
S106	1.342821	42.292328	Urgell	1.193895	42.292176	1.461979	42.357709	1.234759	42.28599	1.193895	42.292176	1.461979	42.357709	1.48065	42.233438
S108	1.72623	42.406516	Urgell	1.695448	42.416054	1.695448	42.416054	1.695448	42.416054	1.695448	42.416054	1.695448	42.416054	1.818577	42.3779
S11	1.526961	42.350915	Urgell	1.508294	42.351139	1.508294	42.351139	1.508294	42.351139	1.508294	42.351139	1.508294	42.351139	1.582964	42.350243
S110	0.971562	42.249876	Urgell	0.971562	42.249876	0.971562	42.249876	0.971562	42.249876	0.971562	42.249876	0.971562	42.249876	0.971562	42.249876
S115	1.323112	42.281298	Urgell	1.3333	42.3167	1.142709	42.277163	1.387672	42.23534	1.448973	42.277897	1.278229	42.313286	1.177573	42.298669
S116	1.444047	42.219161	Urgell	1.691332	42.134115	1.419857	42.181136	1.471948	42.248164	1.464525	42.266209	1.419857	42.181136	1.419857	42.181136
S117	1.646053	42.330653	Urgell	1.461979	42.357709	1.461979	42.357709	1.88551	42.372533	1.328864	42.2114	1.774535	42.370431	1.595302	42.36825
S118	1.388554	42.305177	Urgell	1.361619	42.278881	1.415489	42.331472	1.361619	42.278881	1.361619	42.278881	1.415489	42.331472	1.415489	42.331472
S119	1.640859	42.380711	Urgell	1.628073	42.362312	1.628073	42.362312	1.581723	42.387594	1.628073	42.362312	1.665646	42.381097	1.687992	42.391842
S120	1.360819	42.360674	Urgell	1.471927	42.328125	1.337195	42.368638	1.3288	42.350865	1.471655	42.327732	1.337195	42.368638	1.305626	42.395463
S122	1.731256	42.161868	Solsona	1.461979	42.357709	1.31469	42.065206	2.190826	42.201274	2.104818	42.315788	1.31469	42.065206	1.31469	42.065206
S123	1.109589	42.244303	Urgell	0.971562	42.249876	1.247617	42.23873	0.971562	42.249876	0.971562	42.249876	1.247617	42.23873	1.247617	42.23873
S124	1.508294	42.351139	Urgell	1.461979	42.357709	1.508294	42.351139	1.508294	42.351139	1.508294	42.351139	1.508294	42.351139	1.508294	42.351139
S127	1.436568	42.317955	Urgell	1.5083	42.3417	1.342322	42.294118	1.5083	42.3417	1.553327	42.341883	1.342322	42.294118	1.342322	42.294118
S13	1.267624	42.057228	Urgell	1.267624	42.057228	1.267624	42.057228	1.267624	42.057228	1.267624	42.057228	1.267624	42.057228	1.267624	42.057228
S130	1.394045	42.320187	Urgell	1.382588	42.313004	1.382588	42.313004	1.382588	42.313004	1.428415	42.341737	1.382588	42.313004	1.382588	42.313004
S133	1.503774	42.461194	Urgell	1.461979	42.357709	1.786676	42.446299	1.088697	42.576555	1.353047	42.375624	1.786676	42.446299	1.786676	42.446299
S134	1.455904	42.359941	Urgell	1.455904	42.359941	1.455904	42.359941	1.455904	42.359941	1.455904	42.359941	1.455904	42.359941	1.455904	42.359941
S136	1.545554	42.29417	Urgell	1.695086	42.360065	1.461979	42.357709	1.66631	42.380595	1.695086	42.360065	1.340169	42.20258	1.48065	42.233438
S137	1.564203	42.383662	Urgell	1.456609	42.379169	1.665646	42.381097	1.467793	42.378239	1.462949	42.42859	1.662725	42.320213	1.663345	42.407607
S139	1.398926	42.381405	Urgell	1.461979	42.357709	1.461979	42.357709	1.419387	42.368049	1.129864	42.411166	1.523227	42.373203	1.523227	42.373203
S14	1.625968	42.32613	Urgell	1.461979	42.357709	1.619212	42.371269	1.605123	42.324984	1.660325	42.237	1.619212	42.371269	1.619212	42.371269
S140	1.086727	42.608302	Urgell	1.079689	42.651975	1.079689	42.651975	1.098703	42.452196	1.0833	42.65	1.079689	42.651975	1.085217	42.679035
S144	1.37237	42.347799	Urgell	1.444043	42.354828	1.461979	42.357709	1.382588	42.313004	1.400796	42.326946	1.353047	42.375624	1.353047	42.375624
S146	1.455904	42.359941	Urgell	1.455904	42.359941	1.455904	42.359941	1.455904	42.359941	1.455904	42.359941	1.455904	42.359941	1.455904	42.359941
S147	1.259858	42.319833	Urgell	1.446245	42.191403	1.072946	42.451405	1.446245	42.191403	1.446245	42.191403	1.073996	42.445121	1.072946	42.451405
S148	1.397242	42.349371	Urgell	1.342322	42.294118	1.428415	42.341737	1.342322	42.294118	1.455904	42.359941	1.428415	42.341737	1.362325	42.40169
S149	1.455904	42.359941	Urgell	1.455904	42.359941	1.455904	42.359941	1.455904	42.359941	1.455904	42.359941	1.455904	42.359941	1.455904	42.359941
S15	1.455904	42.359941	Urgell	1.455904	42.359941	1.455904	42.359941	1.455904	42.359941	1.455904	42.359941	1.455904	42.359941	1.455904	42.359941
S150	1.926018	42.288107	Solsona	1.455904	42.359941	2.195042	42.201759	1.455904	42.359941	1.858083	42.388969	2.195042	42.201759	2.195042	42.201759
S151	1.769447	42.340019	Urgell	1.628073	42.362312	1.662725	42.320213	1.619212	42.371269	1.628073	42.362312	2.167777	42.306283	1.662725	42.320213
S153	1.650512	42.35272	Urgell	1.85208	42.350171	1.461979	42.357709	1.85208	42.350171	1.826009	42.345293	1.461979	42.357709	1.461979	42.357709
S154	1.353518	42.300126	Urgell	1.455904	42.359941	1.455904	42.359941	1.455904	42.359941	1.455904	42.359941	1.455904	42.359941	1.046361	42.12068
S156	1.455904	42.359941	Urgell	1.455904	42.359941	1.455904	42.359941	1.455904	42.359941	1.455904	42.359941	1.455904	42.359941	1.455904	42.359941
S159	1.51571	42.352484	Urgell	1.461979	42.357709	1.508294	42.351139	1.584271	42.34995	1.461979	42.357709	1.508294	42.351139	1.508294	42.351139
S160	1.440128	42.31569	Urgell	1.343826	42.412051	1.508294	42.351139	1.337195	42.368638	1.324652	42.406459	1.508294	42.351139	1.59037	42.136525
S17	1.433898	42.239993	Urgell	1.461979	42.357709	1.461979	42.357709	1.419857	42.181136	1.419857	42.181136	-0.408423	42.140627	1.461979	42.357709
S18	1.332167	42.423636	Urgell	1.447155	42.435561	1.382588	42.313004	1.447155	42.435561	1.225994	42.449574	1.272929	42.496405	1.382588	42.313004
S19	1.389718	42.301757	Urgell	1.400796	42.326946	1.428415	42.341737	1.400796	42.326946	1.328864	42.2114	1.428415	42.341737	1.400796	42.326946
S2	1.373375	42.381112	Urgell	1.444043	42.354828	1.353047	42.375624	1.444043	42.354828	1.444043	42.354828	1.268219	42.446155	1.337195	42.368638
S20	1.200031	42.292253	Urgell	1.193895	42.292176	1.193895	42.292176	1.193895	42.292176	1.177573	42.298669	1.193895	42.292176	1.234759	42.28599
S22	1.787549	42.320273	Urgell	1.774535	42.370431	1.792641	42.416679	1.774535	42.370431	1.844025	42.103289	1.765819	42.403685	1.765819	42.403685
S24	1.485744	42.347006	Urgell	1.415489	42.331472	1.582964	42.350243	1.444043	42.354828	1.444043	42.354828	1.582964	42.350243	1.471927	42.328125
S26	1.352228	42.366094	Urgell	1.461979	42.357709	1.278229	42.313286	1.461979	42.357709	1.441211	42.444847	1.278229	42.313286	1.227491	42.348536
S27	1.358567	42.269368	Urgell	1.455904	42.359941	1.328864	42.2114	1.387672	42.23534	1.335142	42.317728	1.328864	42.2114	1.382588	42.313004
S28	1.455904	42.359941	Urgell	1.455904	42.359941	1.455904	42.359941	1.455904	42.359941	1.455904	42.359941	1.455904	42.359941	1.455904	42.359941
S29	1.469832	42.21881	Urgell	1.48065	42.233438	1.471784	42.21696	1.48065	42.233438	1.48065	42.233438	1.471784	42.21696	1.446245	42.191403
S3	1.743658	42.385349	Urgell	1.765819	42.403685	1.736271	42.379236	1.765819	42.403685	1.736271	42.379236	1.736271	42.379236	1.736271	42.379236
S30	1.483087	42.337753	Urgell	1.415489	42.331472	1.444043	42.354828	1.415489	42.331472	1.687992	42.391842	1.384824	42.272867	1.444043	42.354828
S32	1.325459	42.461829	Urgell	1.394276	42.444829	1.272307	42.504393	1.362325	42.40169	1.394276	42.444829	1.272307	42.504393	1.272929	42.496405
S33	1.497603	42.338351	Urgell	1.695086	42.360065	1.88551	42.372533	1.695086	42.360065	1.400796	42.326946	1.493735	42.339447	1.400796	42.326946
S34	1.316892	42.450894	Urgell	1.404819	42.359873	1.272929	42.496405	ND	ND	1.404819	42.359873	1.272929	42.496405	1.272929	42.496405
S35	0.864251	42.450711	Lleida	0.820625	42.497717	0.986733	42.47424	0.820625	42.497717	0.820625	42.497717	0.829023	42.33317	0.986733	42.47424
S37	1.313166	42.324396	Urgell	1.431	42.35	1.431	42.35	1.180086	42.457389	1.180086	42.457389	1.446245	42.191403	1.446245	42.191403
S38	1.287186	42.175174	Urgell	1.31651	42.17325	1.9	41.8167	1.31651	42.17325	1.31651	42.17325	2.176349	41.384247	1.228539	42.179022
S39	1.471884	42.268966	Urgell	1.455904	42.359941	1.455904	42.359941	1.519824	41.99604	1.455904	42.359941	1.455904	42.359941	1.455904	42.359941
S4	1.609127	42.35824	Urgell	1.461979	42.357709	1.705011	42.354393	1.461979	42.357709	1.461979	42.357709	1.705011	42.354393	1.807539	42.363149
S42	1.065978	42.383139	Urgell	1.129864	42.411166	0.968492	42.247879	1.122792	42.627918	1.129864	42.411166	1.042765	42.245594	0.968492	42.247879
S43	1.319347	42.376299	Urgell	1.399788	42.298318	1.353047	42.375624	1.399788	42.298318	1.419387	42.368049	1.353047	42.375624	1.105165	42.463207
S44	1.091762	42.374859	Urgell	0.971562	42.249876	1.211962	42.499841	0.971562	42.249876	0.971562	42.249876	1.211962	42.499841	1.211962	42.499841
S45	1.42027	42.3169	Urgell	1.523227	42.373203	1.415489	42.331472	1.270707	42.235193	1.523227	42.373203	1.415489	42.331472	1.471655	42.327732
S48	1.461979	42.357709	Urgell	1.461979	42.357709	1.461979	42.357709	1.461979	42.357709	1.461979	42.357709	1.461979	42.357709	1.461979	42.357709
S49	1.648503	42.362204	Urgell	1.461979	42.357709	1.774535	42.370431	1.461979	42.357709	1.582964	42.350243	1.774535	42.370431	1.774535	42.370431
S52	1.531975	42.367062	Urgell	1.508294	42.351139	1.508294	42.351139	1.508294	42.351139	1.552409	42.341658	1.543969	42.40225	1.523227	42.373203
S54	1.283313	42.059888	Urgell	1.267624	42.057228	1.267624	42.057228	ND	ND	1.31469	42.065206	1.267624	42.057228	1.267624	42.057228
S58	1.114305	42.486797	Urgell	0.733618	41.934578	1.148459	42.591513	1.115488	42.384528	1.104577	42.394594	1.148459	42.591513	1.088697	42.576555
S64	1.451773	42.375788	Urgell	1.461979	42.357709	1.461979	42.357709	1.421153	42.430025	1.461979	42.357709	1.461979	42.357709	1.461979	42.357709
S65	1.195361	42.509101	Urgell	1.074297	42.663962	1.312571	42.355978	1.074297	42.663962	1.082004	42.660484	1.312571	42.355978	1.312571	42.355978
S66	1.510139	42.174769	Urgell	1.382588	42.313004	1.415489	42.331472	1.382588	42.313004	1.826991	41.723127	1.415489	42.331472	1.415489	42.331472
S68	1.056629	42.28328	Urgell	1.428415	42.341737	0.876901	42.091602	0.899438	42.367038	1.428415	42.341737	0.876901	42.091602	1.021761	42.332742
S73	1.348944	42.177788	Urgell	1.31651	42.17325	1.31651	42.17325	1.31651	42.17325	1.31651	42.17325	1.31651	42.17325	1.446245	42.191403
S75	1.849125	42.401554	Urgell	1.845402	42.410597	1.878251	42.447942	1.705011	42.354393	1.88551	42.372533	1.878251	42.447942	1.927728	42.43135
S76	1.52991	42.367823	Urgell	1.508294	42.351139	1.508294	42.351139	1.584271	42.34995	1.605123	42.324984	1.508294	42.351139	1.421954	42.445218
S77	1.476875	42.411588	Urgell	1.523227	42.373203	1.447155	42.435561	1.523227	42.373203	1.415489	42.331472	1.447155	42.435561	1.521627	42.506116
S79	1.760651	42.217094	Solsona	1.382588	42.313004	2.109403	42.055264	1.382588	42.313004	1.441211	42.444847	2.109403	42.055264	2.109403	42.055264
S8	1.583392	42.264886	Urgell	1.566756	42.230948	1.566756	42.230948	1.566756	42.230948	1.566756	42.230948	1.566756	42.230948	1.6333	42.3667
S83	1.409579	42.382484	Urgell	1.420046	42.370925	1.461979	42.357709	1.419387	42.368049	1.353047	42.375624	1.456304	42.40378	2.176349	41.384247
S84	1.448227	42.344318	Urgell	1.328864	42.2114	1.582964	42.350243	1.623211	42.379185	1.042765	42.245594	1.582964	42.350243	1.543969	42.40225
S85	1.348308	42.377453	Urgell	1.394276	42.444829	1.328864	42.2114	1.394276	42.444829	1.262214	42.59241	1.394421	42.178457	1.342322	42.294118
S86	1.373782	42.320818	Urgell	1.48065	42.233438	1.3167	42.3833	1.48065	42.233438	1.471784	42.21696	1.3167	42.3833	1.225994	42.449574
S88	1.478377	42.382915	Urgell	1.523227	42.373203	1.523227	42.373203	1.523227	42.373203	1.343826	42.412051	1.523227	42.373203	1.523227	42.373203
S89	1.233729	42.376579	Urgell	1.444043	42.354828	1.129864	42.411166	1.444043	42.354828	1.129864	42.411166	1.129864	42.411166	1.231146	42.329157
S90	1.413557	42.310427	Urgell	1.455904	42.359941	1.455904	42.359941	1.455904	42.359941	2.012151	41.562363	1.455904	42.359941	1.328864	42.2114
S93	1.348917	42.480647	Urgell	1.272929	42.496405	1.424905	42.464889	1.272929	42.496405	1.272929	42.496405	1.424905	42.464889	1.424905	42.464889
S94	1.69742	42.35105	Urgell	1.673772	42.334168	1.774535	42.370431	1.705011	42.354393	1.705011	42.354393	1.605123	42.324984	1.774535	42.370431
S96	1.363726	42.284145	Urgell	1.382588	42.313004	1.382588	42.313004	1.387672	42.23534	1.382588	42.313004	1.342322	42.294118	1.342322	42.294118